c = [ 0 0.2 0.4 0.7 0.8  0.9 1 1.1 1.2 1.3 1.5 1.6  1.7]
d = [15.2 15.2 15.2  11.5 10.61 8.4 6.8 5.63 4.65 3.83  3.24 2.77 2.77]

c=[0 0.2 0.3 0.4 0.5 0.6 0.7 0.8 1 1.2]
d=[15.2 15.22 10.92 7.89 5.36 3.98 2.88 2.88 2.88 2.88]
 

c = [[0 0.1 0.2 0.4 0.5 0.6  0.7]
d = [15.2 7.38 4.63 3.01 1.82 1.20 1.06]

c = [0 0.1 0.3 0.5 0.6 0.7]
d = [12.67 4.43 2.56 1.02 0.64 0.51]

c = [0 0.1 0.2 0.3 0.4 0.5 0.6 0.7 0.8 0.9 1 1.1 1.2 1.4 1.5 1.6 1.8 2 2.1 2.3 2.4 2.8 3.1]
d = [15.2 10.92 9.96 8.69 6.53 4.92 4.48 4.05 3.84 3.25 2.80 2.60 2.55 2.23 2.11 1.92 1.60 1.45 1.30 1.10 0.96 0.72 0.56]

c=[0 0.1 0.2 0.3 0.4 0.5 0.6 0.7 0.8 0.9 1 1.1  1.2 1.3 1.4 1.6 1.7 1.8 1.9 2.1 2.2 2.3 2.5 2.6 2.8 3.1]
d= [7.78 6.20 5.58 4.98 3.94 3.15 2.75 2.39 2.25 1.76 1.62 1.49 1.42 1.34 1.26 1.17 1.08 0.98 0.89 0.76 0.69 0.64 0.56 0.48 0.39 0.30]

c=[0 0.1 0.2 0.3 0.4 0.5 0.6 0.7 0.8 1 1.1 1.3 1.5 1.6 1.8 2.0 2.2 2.4 2.6 2.9 3.0 3.2 3.4 3.6 ]
d=[10.57 9.03 8.08 7.02 6.51 5.76 5.12 4.46 3.97 3.08 2.16 1.85 1.51 1.32 1.16 0.97 0.88 0.75 0.59 0.48 0.41 0.32 0.29 0.25]

c = [0 0.3 0.6 0.7 0.8 0.9 1 1.1 1.2 1.4 1.5  1.6 1.7 1.8 2 2.2 2.4 2.6 2.8 3 3.2 3.5 3.7]
d = [14.23 14.23 11.63 10.45 9.23 8.22 6.04 4.85 4.32 3.88 3.32 2.85 2.61 2.45 2.26 2.02 1.59 1.38 1.14 0.97 0.80 0.68 0.53]

c=[0  0.1  0.2 0.3 0.4 0.5 0.6 0.7 0.8]
d=[14.2 9.63 5.59 4.42 2.21 1.42 0.88 0.68 0.49]

c=[0 0.3 0.4 0.5 0.6 0.7 0.8 0.9 1.1 1.2 1.4 1.6 1.8]
d=[14.23 9.25 7.47 4.30 4.21 2.88 2.78 2.33 1.75 1.30 1.11 0.72 0.52] vin=0.6 left ps=15.8 right=14.5 

c =[0 0.2 0.7 0.9 1.1 1.2 1.5 1.7 1.8 2]
d =[14.3 14.3 13.1 8.41 6.51  4.89 3.80 3.15 2.46 2.46]

c=[0 0.2 0.3 0.4 0.5  0.6 0.7 0.8 0.9 1.0 1.2 1.4 1.6]
d=[3.42 2.42 2.21 1.71 1.36 1.10 0.83 0.59 0.41 0.37 0.23 0.14 0.11]


c=[0 0.3 0.4 0.5 0.6 0.8 1 1.2 1.4  1.6 1.8 2.0]
d=[14.23 11.87 8.5 5.44 3.44 2.54 2.09 1.42 1.01 0.82 0.55 0.50]

c=[0 0.2 0.3 0.5 0.6 0.7 0.9 1.2 1.4 1.5 1.6 1.8 2.0]
d=[3.45 2.60 1.76 1.52 1.32 1.04 0.60 0.39 0.26 0.22  0.18 0.14 0.12]

c=[0 0.2 0.3 0.4 0.5 0.6 0.7 0.8 1 1.1 1.3 1.5 1.7 1.8 2]
d=[3.44 2.76 2.55 1.84 1.35 1.15 0.95 0.71 0.49 0.36 0.26 0.20 0.15 0.12 0.12]

c=[0 0.2 0.3 0.4 0.5 0.6 0.8 1 1.2 1.4 1.6]
d=[3.44 2.43 2.01 1.57 1.12 0.88 0.62 0.32 0.21 0.12 0.12]